
Console logs:

RMSE: 376.436748506
RMSE: 206.298953168
[Finished in 47.729s]

text-results.txt :

Predicted: [ 1.  0.  0.  0.  0.  0.  0.  0.  0.  0.] ---> Actual: [1, 0, 0, 0, 0, 0, 0, 0, 0, 0]
Predicted: [ 0.  0.  0.  0.  0.  1.  0.  0.  0.  0.] ---> Actual: [0, 0, 0, 0, 0, 1, 0, 0, 0, 0]
Predicted: [ 1.  0.  0.  0.  0.  0.  0.  0.  0.  0.] ---> Actual: [1, 0, 0, 0, 0, 0, 0, 0, 0, 0]
Predicted: [ 0.  0.  0.  1.  0.  0.  0.  0.  0.  0.] ---> Actual: [0, 0, 0, 1, 0, 0, 0, 0, 0, 0]
Predicted: [ 0.  0.  0.  1.  0.  0.  0.  0.  0.  0.] ---> Actual: [0, 0, 0, 1, 0, 0, 0, 0, 0, 0]
Predicted: [ 0.  0.  1.  0.  0.  0.  0.  0.  0.  0.] ---> Actual: [0, 1, 0, 0, 0, 0, 0, 0, 0, 0]
Predicted: [ 0.  1.  0.  0.  0.  0.  0.  0.  0.  0.] ---> Actual: [0, 1, 0, 0, 0, 0, 0, 0, 0, 0]
Predicted: [ 0.  0.  0.  0.  0.  0.  0.  0.  0.  1.] ---> Actual: [0, 0, 0, 0, 0, 0, 0, 0, 0, 1]
...
...
...
Predicted: [ 1.  0.  0.  0.  0.  0.  0.  0.  0.  0.] ---> Actual: [1, 0, 0, 0, 0, 0, 0, 0, 0, 0]
Predicted: [ 0.  0.  0.  0.  0.  1.  0.  0.  0.  0.] ---> Actual: [0, 0, 0, 0, 0, 1, 0, 0, 0, 0]
Predicted: [ 0.  0.  0.  0.  0.  0.  0.  0.  1.  0.] ---> Actual: [0, 0, 0, 0, 0, 0, 0, 0, 1, 0]
Predicted: [ 1.  0.  0.  0.  0.  0.  0.  0.  0.  0.] ---> Actual: [1, 0, 0, 0, 0, 0, 0, 0, 0, 0]
Predicted: [ 0.  1.  0.  0.  0.  0.  0.  0.  0.  0.] ---> Actual: [0, 0, 0, 0, 0, 0, 0, 0, 0, 1]
Predicted: [ 0.  1.  0.  0.  0.  0.  0.  0.  0.  0.] ---> Actual: [0, 1, 0, 0, 0, 0, 0, 0, 0, 0]
Predicted: [ 0.  0.  0.  0.  1.  0.  0.  0.  0.  0.] ---> Actual: [0, 0, 0, 0, 1, 0, 0, 0, 0, 0]
Predicted: [ 0.  0.  1.  0.  0.  0.  0.  0.  0.  0.] ---> Actual: [0, 0, 1, 0, 0, 0, 0, 0, 0, 0]
Predicted: [ 1.  0.  0.  0.  0.  0.  0.  0.  0.  0.] ---> Actual: [1, 0, 0, 0, 0, 0, 0, 0, 0, 0]
Predicted: [ 0.  0.  0.  0.  0.  1.  0.  0.  0.  0.] ---> Actual: [0, 0, 0, 0, 0, 1, 0, 0, 0, 0]
Predicted: [ 0.  0.  0.  0.  0.  1.  0.  0.  0.  0.] ---> Actual: [0, 0, 0, 0, 0, 1, 0, 0, 0, 0]
Predicted: [ 0.  1.  0.  0.  0.  0.  0.  0.  0.  0.] ---> Actual: [0, 1, 0, 0, 0, 0, 0, 0, 0, 0]
Predicted: [ 0.  0.  0.  1.  0.  0.  0.  0.  0.  0.] ---> Actual: [0, 0, 0, 0, 0, 0, 0, 1, 0, 0]
Predicted: [ 1.  0.  0.  0.  0.  0.  0.  0.  0.  0.] ---> Actual: [1, 0, 0, 0, 0, 0, 0, 0, 0, 0]
Predicted: [ 0.  0.  0.  0.  0.  0.  0.  1.  0.  0.] ---> Actual: [0, 0, 0, 0, 0, 0, 0, 1, 0, 0]
Predicted: [ 0.  0.  0.  0.  0.  1.  0.  0.  0.  0.] ---> Actual: [0, 0, 0, 0, 0, 1, 0, 0, 0, 0]
Predicted: [ 0.  0.  0.  0.  0.  0.  0.  0.  0.  1.] ---> Actual: [0, 0, 0, 0, 0, 0, 0, 0, 0, 1]
Predicted: [ 0.  0.  0.  1.  0.  0.  0.  0.  0.  0.] ---> Actual: [0, 0, 0, 1, 0, 0, 0, 0, 0, 0]
Predicted: [ 0.  0.  0.  0.  0.  0.  0.  0.  1.  0.] ---> Actual: [0, 0, 0, 0, 0, 0, 0, 0, 1, 0]
Predicted: [ 0.  0.  0.  0.  0.  0.  0.  1.  0.  0.] ---> Actual: [0, 0, 0, 0, 0, 0, 0, 1, 0, 0]
Predicted: [ 0.  0.  0.  0.  0.  0.  1.  0.  0.  0.] ---> Actual: [0, 0, 0, 0, 0, 0, 0, 0, 1, 0]
Predicted: [ 0.  0.  0.  0.  0.  0.  0.  0.  0.  1.] ---> Actual: [0, 0, 0, 0, 0, 0, 0, 0, 0, 1]
Predicted: [ 0.  0.  0.  0.  0.  0.  1.  0.  0.  0.] ---> Actual: [0, 0, 0, 0, 0, 0, 0, 0, 1, 0]
Predicted: [ 0.  0.  0.  1.  0.  0.  0.  0.  0.  0.] ---> Actual: [0, 0, 0, 1, 0, 0, 0, 0, 0, 0]
Predicted: [ 0.  0.  0.  0.  0.  0.  0.  1.  0.  0.] ---> Actual: [0, 0, 0, 0, 0, 0, 0, 1, 0, 0]


Total accuracy on test sample: 0.844184752365
